nodes:
25
24
23
22
21
20
19
18
17
16
15
14
13
12
11
10
9
8
7
6
5
4
3
2
1
0
edges:
18 3
12 0
0 14
14 1
13 2
16 4
16 6
19 9
10 19
15 3
5 6
12 2
11 20
20 19
21 10
21 11
21 9
21 7
8 21
17 21
19 16
7 22
1 23
17 23
17 12
24 17
22 24
19 25
15 25
15 7
nodes:
27
26
25
24
23
22
21
20
19
18
17
16
15
14
13
12
11
10
9
8
7
6
5
4
3
2
1
0
edges:
8 1
10 4
9 1
5 14
14 6
11 7
2 13
5 15
8 11
3 16
17 11
2 11
7 18
15 0
1 2
19 16
20 15
21 8
21 19
10 1
19 22
22 10
23 15
23 18
23 13
11 12
1 24
25 19
25 3
20 7
13 26
26 9
27 1
27 6
8 27
nodes:
23
22
21
20
19
18
17
16
15
14
13
12
11
10
9
8
7
6
5
4
3
2
1
0
edges:
1 11
2 11
11 0
0 13
13 3
13 4
4 14
14 10
4 15
15 5
16 6
4 17
17 7
7 12
12 8
4 20
4 19
7 21
21 9
20 16
18 22
22 4
23 22
23 12
23 13
nodes:
29
12
11
10
9
8
7
6
5
4
3
2
1
0
13
14
15
16
17
18
19
20
21
22
23
24
25
26
27
28
edges:
19 15
4 8
22 7
20 22
23 26
9 0
20 18
8 6
0 2
20 29
19 24
1 28
29 24
12 14
27 28
22 17
5 14
21 27
4 18
18 28
13 14
18 14
21 2
21 11
27 10
17 2
16 5
23 21
24 11
19 9
4 10
29 1
11 1
28 11
1 7
17 19
29 3
25 22
3 5
nodes:
21
20
19
18
17
16
15
14
13
0
1
2
3
4
5
6
7
8
9
10
11
12
edges:
9 12
8 19
14 5
7 10
9 21
4 11
0 11
10 18
10 19
6 7
14 18
1 2
20 4
11 1
5 11
6 4
12 14
20 9
17 0
5 10
19 4
17 13
15 3
8 2
3 9
19 20
20 2
3 16
16 12
nodes:
23
22
21
20
19
18
17
16
15
14
13
0
1
2
3
4
5
6
7
8
9
10
11
12
edges:
22 17
14 5
18 0
23 19
15 3
6 9
11 13
15 1
17 23
11 21
3 20
16 8
13 18
11 16
13 17
13 2
11 5
10 6
2 14
12 16
16 19
1 7
5 1
8 23
4 14
0 10
9 12
10 9
1 6
20 6
nodes:
24
23
22
21
20
19
18
17
16
15
14
13
0
1
2
3
4
5
6
7
8
9
10
11
12
edges:
11 7
16 15
19 9
10 21
24 12
21 5
18 11
6 5
24 22
17 8
17 2
2 7
20 14
18 22
12 23
7 20
9 14
0 1
13 9
15 4
11 23
0 3
8 6
3 22
0 11
5 0
8 5
3 21
4 20
3 17
18 16
20 2
12 9
8 23
22 10
7 14
14 10
13 17
23 18
nodes:
26
25
24
23
22
21
20
19
18
17
16
15
14
13
0
1
2
3
4
5
6
7
8
9
10
11
12
edges:
11 4
15 19
9 16
5 23
20 8
25 2
3 25
13 26
5 1
19 6
21 20
20 12
7 17
18 2
8 14
9 2
10 17
0 22
1 24
15 13
21 14
16 0
6 23
3 2
14 12
15 24
19 0
13 5
4 14
8 21
0 21
9 15
7 3
23 8
